1.160451812155009613e+11 1.289004094858801961e+08
1.107181824499245758e+11 1.027813798095999062e+08
1.056357170251665955e+11 8.194081047300571203e+07
1.007865597546993256e+11 6.531659911754900217e+07
9.616000073883721924e+10 5.205955361421687901e+07
9.174582171073652649e+10 4.149087756461378187e+07
8.753427346822663879e+10 3.306814954144652560e+07
8.351605434161854553e+10 2.635510740131663531e+07
7.968228964993840027e+10 2.100414549536690116e+07
7.602451210021635437e+10 1.673963178381370008e+07
7.253464308653169250e+10 1.334160107983013429e+07
6.920497484752114868e+10 1.063385108210531808e+07
6.602815344293519592e+10 8.476010073334543034e+06
6.299716251164765167e+10 6.756570490726037882e+06
6.010530777524835205e+10 5.386618864408938214e+06
5.734620225298871613e+10 4.294962220223021694e+06
5.471375215542827606e+10 3.424927371790865902e+06
5.220214342562898254e+10 2.731534077569468878e+06
4.980582889816610718e+10 2.178934182953830808e+06
4.751951604760201263e+10 1.738454960719750728e+06
4.533815529935813904e+10 1.387274537024682155e+06
4.325692887717103577e+10 1.107273249307601480e+06
4.127124016250241089e+10 8.840130093196931994e+05
3.937670354239767456e+10 7.059505104790825862e+05
3.756913472337635040e+10 5.638976864179349504e+05
3.584454148995694733e+10 4.505572308261445723e+05
3.419911488740753937e+10 3.601139772665704368e+05
3.262922080924921417e+10 2.879199327986292192e+05
3.113139197092984009e+10 2.302741132013925817e+05
2.970232025194263458e+10 1.842352117620863137e+05
2.833884938947735214e+10 1.474585963135033089e+05
2.703796800746408844e+10 1.180699969397165987e+05
2.579680296561730194e+10 9.457620813921262743e+04
2.461261301378763962e+10 7.578950357444144902e+04
2.348278273760774231e+10 6.076246781191915943e+04
2.240481678206132889e+10 4.873756150197880925e+04
2.137633434021510696e+10 3.911072851541558339e+04
2.039506389494423676e+10 3.140092706914236624e+04
1.945883820203543091e+10 2.522416417814323722e+04
1.856558950358842468e+10 2.027317235381619321e+04
1.771334496114469147e+10 1.630268630387863413e+04
1.690022229845508194e+10 1.311713561795661735e+04
1.612442564426526642e+10 1.056019690340355373e+04
1.538424156593536568e+10 8.506700981364159816e+03
1.467803528513445473e+10 6.856588507760845459e+03
1.400424706725241280e+10 5.529937073781834442e+03
1.336138877655317497e+10 4.462790562890849287e+03
1.274804058946294403e+10 3.603862150149674562e+03
1.216284785873273659e+10 2.912098137965774640e+03
1.160451812155009460e+10 2.354643850590600323e+03
