1.160451812155009613e+11 1.135405913122314215e+08
1.107181824499245758e+11 8.997098505527874827e+07
1.056357170251665955e+11 7.126042163869182765e+07
1.007865597546993256e+11 5.641499891714061797e+07
9.616000073883721924e+10 4.464274074906256050e+07
9.174582171073652649e+10 3.531287325621289760e+07
8.753427346822663879e+10 2.792325270073832572e+07
8.351605434161854553e+10 2.207159006387222931e+07
7.968228964993840027e+10 1.743867348401856422e+07
7.602451210021635437e+10 1.377250689881588891e+07
7.253464308653169250e+10 1.087290173113504238e+07
6.920497484752114868e+10 8.580259348054105416e+06
6.602815344293519592e+10 6.768067347726004198e+06
6.299716251164765167e+10 5.336355255912454799e+06
6.010530777524835205e+10 4.205844726995526813e+06
5.734620225298871613e+10 3.313418288454694673e+06
5.471375215542827606e+10 2.609132253073443659e+06
5.220214342562898254e+10 2.053599451247110963e+06
4.980582889816610718e+10 1.615635997612687526e+06
4.751951604760201263e+10 1.270471111578098498e+06
4.533815529935813904e+10 9.985309297475208296e+05
4.325692887717103577e+10 7.843931477592627052e+05
4.127124016250241089e+10 6.158665028035278665e+05
3.937670354239767456e+10 4.832847319353928906e+05
3.756913472337635040e+10 3.790207415395563585e+05
3.584454148995694733e+10 2.970726936016805703e+05
3.419911488740753937e+10 2.327035506536863395e+05
3.262922080924921417e+10 1.821648754215322551e+05
3.113139197092984009e+10 1.425032841180024261e+05
2.970232025194263458e+10 1.113976091169380379e+05
2.833884938947735214e+10 8.701889997545881488e+04
2.703796800746408844e+10 6.792277113570469373e+04
2.579680296561730194e+10 5.297305860865995055e+04
2.461261301378763962e+10 4.127809358886580594e+04
2.348278273760774231e+10 3.213653133129817434e+04
2.240481678206132889e+10 2.499575623957389689e+04
2.137633434021510696e+10 1.942185117074734080e+04
2.039506389494423676e+10 1.507482803270631302e+04
1.945883820203543091e+10 1.168784733291429984e+04
1.856558950358842468e+10 9.051156238406196280e+03
1.771334496114469147e+10 7.000414806490427509e+03
1.690022229845508194e+10 5.407123262263482502e+03
1.612442564426526642e+10 4.170660675381252076e+03
1.538424156593536568e+10 3.212173293998378085e+03
1.467803528513445473e+10 2.470035300029512200e+03
1.400424706725241280e+10 1.896177305901345790e+03
1.336138877655317497e+10 1.453078213059715836e+03
1.274804058946294403e+10 1.111428528424800561e+03
1.216284785873273659e+10 8.483996681280119674e+02
1.160451812155009460e+10 6.462412756467930421e+02
