1.160451812155009508e+09 1.798347639128222264e+00
1.056357170251665950e+09 1.780745869887398358e+00
9.616000073883723021e+08 1.770409831365208797e+00
8.753427346822664738e+08 1.764333780438857024e+00
7.968228964993840456e+08 1.760729480662705848e+00
7.253464308653169870e+08 1.758553582656278147e+00
6.602815344293519258e+08 1.757208819898737007e+00
6.010530777524834871e+08 1.756356723657493957e+00
5.471375215542827845e+08 1.755804483507880098e+00
4.980582889816610813e+08 1.755441245245927151e+00
4.533815529935813546e+08 1.755201300772631257e+00
4.127124016250224113e+08 1.755044360547345361e+00
3.756913472337634563e+08 1.754944421407347077e+00
3.419911488740753531e+08 1.754844815657171653e+00
3.113139197092984319e+08 1.754796253441523346e+00
2.833884938947723508e+08 1.754764557432599403e+00
2.579680296561730504e+08 1.754744229945822687e+00
2.348278273760774136e+08 1.754731481320620734e+00
2.137633434021510780e+08 1.754723687851537317e+00
1.945883820203543305e+08 1.754719034838860603e+00
1.771334496114461720e+08 1.754716280116034088e+00
1.612442564426526427e+08 1.754689447948192038e+00
1.467803528513445556e+08 1.754689868271722242e+00
1.336138877655317485e+08 1.754886904338917475e+00
1.216284785873268694e+08 1.754884068568603794e+00
1.107181824499245733e+08 1.754879481483969439e+00
1.007865597546993196e+08 1.754874059531104757e+00
9.174582171073633432e+07 1.754868513513830441e+00
8.351605434161837399e+07 1.754863397069664988e+00
7.602451210021604598e+07 1.754859463450411328e+00
6.920497484752114117e+07 1.754857057670362819e+00
6.299716251164764911e+07 1.754854440208297506e+00
5.734620225298859924e+07 1.754850597801251633e+00
5.220214342562876642e+07 1.754852911119251235e+00
4.751951604760201275e+07 1.754865050238648028e+00
4.325692887717103213e+07 1.754853394064691097e+00
3.937670354239759594e+07 1.754799859697196762e+00
3.584454148995687068e+07 1.754465530792722827e+00
3.262922080924921110e+07 1.753734798446558996e+00
2.970232025194263458e+07 1.752719644377238151e+00
2.703796800746403262e+07 1.751508233385356439e+00
2.461261301378758997e+07 1.750226208323100385e+00
2.240481678206123784e+07 1.748955355281518464e+00
2.039506389494423568e+07 1.747759422953000463e+00
1.856558950358842686e+07 1.746674084760758694e+00
1.690022229845504835e+07 1.745716307794531241e+00
1.538424156593530253e+07 1.744890343736191340e+00
1.400424706725235470e+07 1.744191629286726775e+00
1.274804058946294524e+07 1.743611119848183399e+00
1.160451812155007198e+07 1.743128696980385417e+00
