1.160451812155009508e+09 1.418735261206779985e-06
1.056357170251665950e+09 3.131941215504176072e-07
9.616000073883723021e+08 6.075559938785165452e-08
8.753427346822664738e+08 1.028709470415989475e-08
7.968228964993840456e+08 1.499053686421613161e-09
7.253464308653169870e+08 1.859509358966828787e-10
6.602815344293519258e+08 1.916076566352409854e-11
6.010530777524834871e+08 1.632800285856051672e-12
5.471375215542827845e+08 1.181255061947034289e-13
4.980582889816610813e+08 5.900331421536308894e-15
4.533815529935813546e+08 -7.212092862951581147e-16
4.127124016250224113e+08 7.208145031905278033e-18
3.756913472337634563e+08 1.237734851215186496e-16
3.419911488740753531e+08 2.373393836042424765e-21
3.113139197092984319e+08 -1.592387042191163758e-17
2.833884938947723508e+08 1.496135274415983551e-25
2.579680296561730504e+08 2.051247762025329104e-18
2.348278273760774136e+08 1.531218711824371920e-27
2.137633434021510780e+08 -2.642329335174852260e-19
1.945883820203543305e+08 -1.970317075018732034e-28
1.771334496114461720e+08 3.403735251804802812e-20
1.612442564426526427e+08 2.537997853414080096e-29
1.467803528513445556e+08 -4.384545677237984671e-21
1.336138877655317485e+08 -3.269439677603062296e-30
1.216284785873268694e+08 5.647983574982933452e-22
1.107181824499245733e+08 4.211422451792694654e-31
1.007865597546993196e+08 -7.275490053367393623e-23
9.174582171073633432e+07 -5.424975489337967659e-32
8.351605434161837399e+07 9.371974053024082112e-24
7.602451210021604598e+07 6.988220243432418084e-33
6.920497484752114117e+07 -1.207257476902262265e-24
6.299716251164764911e+07 -9.002063389936737344e-34
5.734620225298859924e+07 1.555137271284912944e-25
5.220214342562876642e+07 1.159588844668019121e-34
4.751951604760201275e+07 -2.003261092898503064e-26
4.325692887717103213e+07 -1.493755213265020818e-35
3.937670354239759594e+07 2.580514970121697143e-27
3.584454148995687068e+07 1.924192201560482539e-36
3.262922080924921110e+07 -3.324108722178602284e-28
2.970232025194263458e+07 -2.478662013664103413e-37
2.703796800746403262e+07 4.281977848389357933e-29
2.461261301378758997e+07 3.192923010693454638e-38
2.240481678206123784e+07 -5.516021294792919702e-30
2.039506389494423568e+07 -4.113585385357185605e-39
1.856558950358842686e+07 7.112621992354023526e-31
1.690022229845504835e+07 5.328199408809066744e-40
1.538424156593530253e+07 -9.476672774557230088e-32
1.400424706725235470e+07 -8.155725656091924432e-41
1.274804058946294524e+07 2.609902209894813099e-32
1.160451812155007198e+07 6.758186641711059798e-41
