1.160451812155009460e+10 6.462412756467930421e+02
1.107181824499245834e+10 4.911464280359822396e+02
1.056357170251665878e+10 3.723796856153168164e+02
1.007865597546993256e+10 2.816100613336305969e+02
9.616000073883722305e+09 2.123881142949018113e+02
9.174582171073652267e+09 1.597212491034317168e+02
8.753427346822664261e+09 1.197470407187291528e+02
8.351605434161854744e+09 8.948507017883815706e+01
7.968228964993840218e+09 6.663967845675770718e+01
7.602451210021636009e+09 4.944524551861510275e+01
7.253464308653169632e+09 3.654490297435484081e+01
6.920497484752114296e+09 2.689930352011561965e+01
6.602815344293519974e+09 1.971342974572736750e+01
6.299716251164765358e+09 1.438101181150299723e+01
6.010530777524835587e+09 1.044031380061017344e+01
5.734620225298871994e+09 7.541025385476181064e+00
5.471375215542827606e+09 5.417927832839375846e+00
5.220214342562897682e+09 3.870995868248819249e+00
4.980582889816611290e+09 2.749856371901491681e+00
4.751951604760201454e+09 1.941823419943801143e+00
4.533815529935813904e+09 1.362882479174960082e+00
4.325692887717103958e+09 9.506160041336918498e-01
4.127124016250241280e+09 6.589006184270270738e-01
3.937670354239767551e+09 4.538470410437534519e-01
3.756913472337634563e+09 3.106813811015891602e-01
3.584454148995694160e+09 2.113982622215298812e-01
3.419911488740753651e+09 1.430102839215134092e-01
3.262922080924921513e+09 9.621388372884512319e-02
3.113139197092984200e+09 6.439635974570319388e-02
2.970232025194263458e+09 4.289333959784306233e-02
2.833884938947735310e+09 2.844088023646297939e-02
2.703796800746408463e+09 1.877362098245119459e-02
2.579680296561730385e+09 1.233644052930831479e-02
2.461261301378764153e+09 8.067832106889126498e-03
2.348278273760774136e+09 5.247385723904632662e-03
2.240481678206132889e+09 3.390377502831316923e-03
2.137633434021510839e+09 2.173198425874161340e-03
2.039506389494423389e+09 1.379942588617088335e-03
1.945883820203543186e+09 8.663682845798563806e-04
1.856558950358842611e+09 5.366057624259859549e-04
1.771334496114469051e+09 3.272192329410910706e-04
1.690022229845508099e+09 1.961097751295128510e-04
1.612442564426526546e+09 1.152896184962246137e-04
1.538424156593536615e+09 6.633967810809783408e-05
1.467803528513445616e+09 3.730183152449848867e-05
1.400424706725241184e+09 2.047214872850283411e-05
1.336138877655317545e+09 1.095232542948997718e-05
1.274804058946294546e+09 5.702115437122640200e-06
1.216284785873273611e+09 2.885682935995587910e-06
1.160451812155009508e+09 1.418735413828850215e-06
