1.160451812155009460e+10 2.354643850590600323e+03
1.107181824499245834e+10 1.905157032747976473e+03
1.056357170251665878e+10 1.542493309203885019e+03
1.007865597546993256e+10 1.249684777515186852e+03
9.616000073883722305e+09 1.013128421275526875e+03
9.174582171073652267e+09 8.218984051973820897e+02
8.753427346822664261e+09 6.672042984726323311e+02
8.351605434161854744e+09 5.419810791829538630e+02
7.968228964993840218e+09 4.405477536561441525e+02
7.602451210021636009e+09 3.583332809996744572e+02
7.253464308653169632e+09 2.916509500560737251e+02
6.920497484752114296e+09 2.375324045379136635e+02
6.602815344293519974e+09 1.935823426268739809e+02
6.299716251164765358e+09 1.578699084572194522e+02
6.010530777524835587e+09 1.288333886533399379e+02
5.734620225298871994e+09 1.052121469908947944e+02
5.471375215542827606e+09 8.598622860111430555e+01
5.220214342562897682e+09 7.033079352556109143e+01
4.980582889816611290e+09 5.757786649163343640e+01
4.751951604760201454e+09 4.718534128573897846e+01
4.533815529935813904e+09 3.871434382872582347e+01
4.325692887717103958e+09 3.180820620390952058e+01
4.127124016250241280e+09 2.617709118971965054e+01
3.937670354239767551e+09 2.158573172471982105e+01
3.756913472337634563e+09 1.784287287252614718e+01
3.584454148995694160e+09 1.479231301359172868e+01
3.419911488740753651e+09 1.230702641589465607e+01
3.262922080924921513e+09 1.028343568732121049e+01
3.113139197092984200e+09 8.636964330991091288e+00
2.970232025194263458e+09 7.298475527462334966e+00
2.833884938947735310e+09 6.211736504676315107e+00
2.703796800746408463e+09 5.330441552009292927e+00
2.579680296561730385e+09 4.616882331963712893e+00
2.461261301378764153e+09 4.040112465952230281e+00
2.348278273760774136e+09 3.574824139717380334e+00
2.240481678206132889e+09 3.200387815507946598e+00
2.137633434021510839e+09 2.899717731450236702e+00
2.039506389494423389e+09 2.658930260937703238e+00
1.945883820203543186e+09 2.466644270267032812e+00
1.856558950358842611e+09 2.313597637006321595e+00
1.771334496114469051e+09 2.192137751349807040e+00
1.690022229845508099e+09 2.096083626964462265e+00
1.612442564426526546e+09 2.020395042143628750e+00
1.538424156593536615e+09 1.960937374971636338e+00
1.467803528513445616e+09 1.914421211226052577e+00
1.400424706725241184e+09 1.878163671738545704e+00
1.336138877655317545e+09 1.849980861262486398e+00
1.274804058946294546e+09 1.828161083195456449e+00
1.216284785873273611e+09 1.811316191899414951e+00
1.160451812155009508e+09 1.798347642492736487e+00
